1,122,5
1,185,5
1,231,5
1,292,5
1,316,5
1,329,5
1,355,5
1,356,5
1,362,5
1,364,5
1,370,5
1,377,5
1,420,5
1,466,5
1,480,5
1,520,5
1,539,5
1,586,5
1,588,5
1,589,5
1,594,5
1,616,5
2,110,5
2,151,3
2,260,5
2,376,3
2,539,3
2,590,5
2,648,2
2,719,3
2,733,3
2,736,3
2,780,3
2,786,3
2,802,2
2,858,2
2,1049,3
2,1073,3
2,1210,4
2,1356,3
2,1391,3
2,1544,3
3,110,4.5
3,151,4.5
3,213,5
3,590,3.5
3,1148,4
3,1246,4
3,1252,4
3,1276,3.5
3,1288,3
3,1408,3.5
3,1552,2
3,1564,4.5
3,1597,4.5
3,1674,4.5
3,3408,4
3,3684,4.5
3,4535,4
3,4677,4
3,4995,4.5
3,5299,3
3,5505,2
3,5527,4.5
3,5952,3.5
3,6287,3
3,6377,4
3,6539,5
3,7153,4
3,7155,3.5
3,8529,4
3,8533,4.5
3,8783,5
3,27821,4.5
3,33750,3.5
4,21,3
4,34,5
4,39,3
4,110,5
4,150,5
4,153,5
4,161,5
4,165,5
4,208,3
4,231,1
4,253,3
4,266,5
4,292,3
4,316,5
4,317,5
4,329,5
4,344,2
4,349,3
4,364,5
4,367,3
4,377,3
4,380,3
4,410,5
4,420,3
4,432,3
4,434,3
4,435,3
4,440,3
4,480,5
4,500,5
4,586,5
4,587,5
4,588,5
4,589,5
4,590,5
4,592,5
4,595,5
4,597,3
5,1,1
5,7,3
5,25,3
5,28,3
5,30,5
5,32,5
5,47,5
5,52,4
5,57,3
5,58,3
5,85,3
5,111,4
5,141,3
5,171,3
5,194,3
5,230,4
5,232,3
5,235,4
5,242,3
5,249,4
5,253,3
5,299,3
5,306,3
5,307,4
5,308,3
5,321,3
5,326,5
5,334,5
5,345,3
5,348,4
5,412,5
5,446,5
5,475,3
5,477,3
5,495,5
5,508,3
5,509,4
5,515,3
5,527,5
5,532,5
5,535,3
5,538,5
5,541,5
5,562,5
5,592,3
5,593,4
5,608,5
5,648,3
5,708,1
5,736,1
5,778,4
5,780,1
5,818,3
5,858,4
5,903,4
5,912,4
5,919,5
5,920,5
5,923,5
5,926,5
5,969,4
5,1041,4
5,1046,5
5,1073,4
5,1080,4
5,1094,4
5,1096,5
5,1097,3
5,1103,4
5,1104,5
5,1172,4
5,1183,5
5,1199,5
5,1206,4
5,1207,4
5,1219,5
5,1221,4
5,1225,5
5,1230,5
5,1235,5
5,1244,4
5,1247,4
5,1258,4
5,1280,4
5,1295,5
5,1300,4
5,1391,1
6,32,5
6,260,5
6,349,4
6,457,5
6,858,5
6,1193,5
6,1196,5
6,1197,5
6,1198,4
6,1264,4
6,1277,5
6,1304,5
6,1396,4
6,1483,3
6,1527,4
6,1573,3
6,1580,4
6,1584,5
6,1629,4
6,1653,5
6,1748,4
6,2028,4
6,2396,5
6,2405,3
6,2571,5
6,2628,4
6,3555,3
6,3578,5
6,3623,3
6,3740,3
6,3753,4
6,3755,4
6,3863,3
6,3986,1
6,3994,5
6,3996,5
6,4053,2
6,4161,3
6,4270,1
6,4299,4
6,4369,2
6,4446,3
7,32,4
7,50,4
7,101,4.5
7,260,3
7,541,2
7,593,3
7,599,5
7,608,5
7,800,4
7,899,5
7,903,5
7,904,5
7,908,5
7,912,5
7,913,5
7,920,5
7,923,5
7,930,5
7,942,4
7,951,4.5
7,954,3.5
7,1086,4
7,1148,4.5
7,1196,4
7,1207,4
7,1210,3
7,1212,5
7,1219,5
7,1234,4
7,1240,3
7,1244,4.5
7,1245,4.5
7,1248,5
7,1252,5
7,1254,5
7,1256,4.5
7,1260,5
7,1266,4
7,1270,4
7,1276,4.5
7,1283,4.5
7,1284,5
7,1288,4
7,1304,4
7,1333,4
7,1344,4
7,1348,4
7,1387,5
7,1517,4
7,1590,3
7,1617,4
7,1732,4
7,1748,4
7,1805,3
7,1895,1.5
7,1917,1
7,2186,5
7,2203,4
7,2206,4
7,2335,2
7,2391,4
7,2395,5
7,2478,1
7,2527,3
7,2648,4
7,2683,3
7,2762,5
7,2791,5
7,2804,3.5
7,2936,4
7,3006,3.5
7,3044,3
7,3176,4
7,3334,4
7,3365,5
7,3435,4
7,3467,4.5
7,3471,3
7,3671,3
7,3703,5
7,3730,4.5
7,3859,3
7,3994,4
7,4027,3
7,4206,3
7,4226,5
7,4246,3
7,4306,2.5
7,4327,4
7,4406,5
7,4420,4
7,4432,5
7,4886,3
7,4975,4
7,5017,3
7,5094,1
7,5184,2
7,5292,4
7,5294,4
7,5300,4
7,5388,4
7,5440,3
7,5481,3
7,5500,3.5
7,5502,4
7,5505,4
7,5528,4
7,5826,3
7,6273,4
8,2,2.5
8,5,3
8,6,4
8,16,3
8,19,3.5
8,22,2.5
8,31,3.5
8,32,4
8,34,3
8,36,3.5
8,39,2.5
8,47,4
8,50,5
8,66,2.5
8,70,5
8,93,3
8,104,4
8,141,3.5
8,145,4
8,153,3.5
8,158,3
8,160,3
8,163,4
8,164,2.5
8,165,4.5
8,170,3.5
8,172,3.5
8,173,3
8,180,3
8,196,3
8,208,2.5
8,215,4
8,216,4
8,223,3
8,231,3
8,240,4
8,253,3.5
8,256,2.5
8,260,3.5
8,288,4.5
8,290,4.5
8,292,3.5
8,293,3
8,303,3.5
8,315,2.5
8,316,4.5
8,324,3.5
8,328,5
8,330,2.5
8,338,4
8,344,3.5
8,345,1.5
8,353,4.5
8,357,3
8,364,3
8,368,3.5
8,370,1.5
8,372,4
8,377,3
8,379,3
8,384,3.5
8,393,2
8,407,3.5
8,413,3
8,420,1.5
8,432,2.5
8,435,3.5
8,442,3.5
8,455,2.5
8,457,3.5
8,471,3.5
8,479,4
8,480,3
8,481,3
8,489,3.5
8,500,3
8,509,2.5
8,514,4
8,520,4.5
8,522,3.5
8,527,4
8,537,2.5
8,540,2.5
8,541,4
8,543,3.5
8,547,3
8,548,3.5
8,552,3.5
8,586,2.5
8,587,1.5
8,588,3
8,589,4
8,590,0.5
8,592,3.5
8,593,4
8,606,3
8,608,5
8,610,4
8,637,3.5
8,648,3
8,678,4.5
8,688,3
8,694,3
8,705,3
8,736,4
8,737,2
8,741,2.5
8,778,4
8,780,4
8,784,3.5
8,785,3.5
8,786,3
8,799,4.5
8,836,3
8,842,3.5
8,849,4
8,879,3
8,886,3
8,934,3.5
8,996,3.5
8,1004,3
8,1020,3.5
8,1027,3
8,1035,0.5
8,1036,4
8,1037,3.5
8,1060,4
8,1061,4
8,1064,3.5
8,1073,2.5
8,1079,4
8,1080,3.5
8,1083,4
8,1089,4
8,1091,3
8,1092,3
8,1093,3.5
8,1094,2.5
8,1100,3.5
8,1101,3
8,1125,3.5
8,1126,2
8,1127,3.5
8,1129,4
8,1136,4
8,1148,4
8,1188,2.5
8,1196,4
8,1197,5
8,1198,4.5
8,1200,5
8,1204,2
8,1206,2.5
8,1208,2.5
8,1210,3.5
8,1214,4
8,1215,5
8,1220,3.5
8,1231,2.5
8,1234,4.5
8,1240,4
8,1253,3.5
8,1261,3
8,1262,4
8,1265,3.5
8,1268,3.5
8,1270,4.5
8,1275,3
8,1285,3.5
8,1291,4.5
8,1302,2
8,1307,2.5
8,1320,5
8,1321,3.5
8,1339,3
8,1347,4
8,1358,4.5
8,1370,4
8,1373,3.5
8,1377,3
8,1380,2.5
8,1385,3
8,1387,3
8,1388,2
8,1391,4
8,1393,3
8,1395,4
8,1396,3.5
8,1405,2.5
8,1408,3
8,1409,3.5
8,1425,4.5
8,1429,3.5
8,1466,3.5
8,1499,3
8,1500,3
8,1513,2.5
8,1515,3.5
8,1517,4.5
8,1527,5
8,1544,3
8,1552,2
8,1556,2.5
8,1562,2
8,1573,3.5
8,1580,4
8,1584,3
8,1587,3
8,1588,3.5
8,1590,3
8,1591,4
8,1597,3
8,1598,3.5
8,1603,3
8,1608,2.5
8,1611,3.5
8,1616,3.5
8,1617,4
8,1620,2.5
8,1625,5
8,1627,3
8,1639,3.5
8,1641,3
8,1644,3.5
8,1653,3.5
8,1658,5
8,1663,3.5
8,1665,3.5
8,1673,4
8,1676,5
8,1682,3
8,1687,3.5
8,1690,4
8,1702,2.5
8,1703,3
8,1704,3.5
8,1717,3.5
8,1721,1
8,1722,3.5
8,1732,5
8,1748,4
8,1754,5
8,1762,2.5
8,1772,3
8,1777,2.5
8,1779,3
8,1792,3.5
8,1801,2.5
8,1805,4
8,1831,4
8,1848,2.5
8,1855,3
8,1862,2
8,1876,1.5
8,1882,3
8,1883,4
8,1911,3
8,1917,3
8,1918,4
8,1920,3.5
8,1923,3.5
8,1954,3.5
8,1961,3
8,1969,3.5
8,1970,3
8,1971,3.5
8,1973,4
8,1974,3.5
8,1992,2
8,1993,2
8,1994,3.5
8,2000,4
8,2001,3.5
8,2002,4
8,2003,3.5
8,2004,4.5
8,2005,4
8,2011,4
8,2012,4
8,2013,3
8,2021,3.5
8,2026,3.5
8,2028,3.5
8,2046,3
8,2050,2.5
8,2051,2.5
8,2052,3
8,2058,3.5
8,2060,3
8,2072,4
8,2100,2.5
8,2105,3.5
8,2107,2.5
8,2115,4
8,2117,3
8,2124,3.5
8,2140,4
8,2150,3
8,2151,3
8,2161,3.5
8,2167,5
8,2193,4
8,2194,2.5
8,2231,3.5
8,2232,3
8,2247,3.5
8,2253,4.5
8,2268,3
8,2269,2.5
8,2278,4
8,2291,3
8,2294,3.5
8,2322,4
8,2325,3
8,2329,4
8,2335,3.5
8,2338,3
8,2340,3
8,2355,3.5
8,2369,2.5
8,2371,2.5
8,2375,2.5
8,2378,0.5
8,2379,1
8,2380,0.5
8,2382,1
8,2383,0.5
8,2387,4.5
8,2389,3
8,2393,3.5
8,2405,3.5
8,2406,3.5
8,2407,3
8,2412,2.5
8,2422,2.5
8,2428,3
8,2431,4
8,2433,3.5
8,2447,3.5
8,2470,3
8,2471,3
8,2478,3.5
8,2490,4
8,2496,4
8,2498,3.5
8,2505,2.5
8,2514,2.5
8,2524,2
8,2540,3.5
8,2541,3.5
8,2542,4.5
8,2548,2
8,2549,3
8,2558,3
8,2571,5
8,2572,3.5
8,2581,3
8,2598,4
8,2600,4
8,2606,4
8,2617,4.5
8,2618,4
8,2628,3
8,2640,3.5
8,2641,3.5
8,2643,3
8,2657,3
8,2672,3
8,2683,4
8,2699,3
8,2700,3
8,2701,3.5
8,2713,3.5
8,2717,3
8,2719,3.5
8,2735,3.5
8,2762,4.5
8,2772,3
8,2793,3.5
8,2796,3
8,2802,3.5
8,2805,3.5
8,2807,2.5
8,2808,3.5
8,2826,3
8,2841,5
8,2858,5
8,2881,3
8,2889,4
8,2893,4
8,2913,4
8,2916,4
8,2944,3.5
8,2947,3
8,2948,3
8,2949,3
8,2950,3.5
8,2959,4.5
8,2968,3
8,2976,3
8,2978,2.5
8,2985,2.5
8,2987,3.5
8,2989,3.5
8,2990,3
8,2995,3
8,2997,4
8,3005,2.5
8,3020,3.5
8,3033,4
8,3039,3
8,3052,4.5
8,3081,4
8,3101,3.5
8,3114,4.5
8,3145,2.5
8,3146,3.5
8,3147,3
8,3156,3
8,3175,4
8,3176,3.5
8,3178,3
8,3208,3
8,3243,3.5
8,3248,2.5
8,3249,3
8,3253,3.5
8,3254,4
8,3256,3.5
8,3257,1.5
8,3258,4
8,3261,3.5
8,3263,3
8,3264,5
8,3268,2.5
8,3271,3.5
8,3300,4
8,3301,3.5
8,3316,3
8,3324,3.5
8,3354,3.5
8,3409,4.5
8,3448,3
8,3452,3.5
8,3457,2.5
8,3466,3.5
8,3471,4
8,3477,3
8,3484,3.5
8,3499,3.5
8,3526,4
8,3527,4
8,3534,3
8,3535,2.5
8,3555,3.5
8,3564,2
8,3578,4
8,3593,2
8,3623,3
8,3624,3.5
8,3635,3
8,3639,3
8,3686,4.5
8,3698,4
8,3699,3.5
8,3701,4
8,3702,3.5
8,3703,4
8,3704,3.5
8,3705,2.5
8,3710,3
8,3717,4
8,3740,4
8,3744,3.5
8,3745,4
8,3751,4
8,3752,5
8,3763,3.5
8,3764,3
8,3793,4.5
8,3798,2.5
8,3802,3
8,3809,4
8,3810,4
8,3821,2
8,3825,3
8,3826,3.5
8,3827,3.5
8,3841,3
8,3864,3.5
8,3879,3
8,3882,3
8,3897,4
8,3948,4
8,3973,2
8,3977,4
8,3978,3
8,3981,3.5
8,3986,3.5
8,3988,3.5
8,3994,4
8,3996,4
8,3997,3.5
8,3998,3.5
8,3999,3
8,4002,4
8,4010,3
8,4011,4.5
8,4015,2.5
8,4018,4
8,4027,5
8,4030,3.5
8,4040,3
8,4084,3
8,4085,3
8,4092,3
8,4105,3.5
8,4121,3.5
8,4128,4
8,4161,3.5
8,4178,3.5
8,4200,3
8,4203,4
8,4207,3
8,4223,3.5
8,4224,3
8,4226,4.5
8,4247,3.5
8,4251,4.5
8,4255,0.5
8,4265,3
8,4266,3
8,4267,3
8,4270,4.5
8,4280,3.5
8,4299,3.5
8,4306,4.5
8,4310,3
8,4321,2.5
8,4343,3.5
8,4351,3.5
8,4361,3
8,4367,3.5
8,4369,3.5
8,4370,3
8,4372,3
8,4387,4
8,4396,3
8,4446,3.5
8,4447,2.5
8,4452,4
8,4483,2.5
8,4487,3
8,4488,3
8,4489,3.5
8,4499,5
8,4526,3
8,4531,3
8,4544,3
8,4545,3.5
8,4558,3
8,4563,2
8,4571,3.5
8,4572,3.5
8,4580,3
8,4587,3.5
8,4621,1
8,4624,4
8,4636,3
8,4643,3.5
8,4672,3.5
8,4673,3
8,4677,2.5
8,4681,4
8,4701,3
8,4718,3
8,4728,3
8,4734,4.5
8,4735,2
8,4744,4.5
8,4756,3
8,4758,4
8,4776,3.5
8,4844,4
8,4848,3
8,4855,3.5
8,4866,3
8,4874,4
8,4878,5
8,4886,4
8,4887,4
8,4899,3
8,4954,4.5
8,4958,4
8,4963,4.5
8,4975,3.5
8,4978,4
8,4979,4
8,4980,3
8,4992,2
8,4993,3.5
8,5010,4.5
8,5014,4.5
8,5015,3.5
8,5040,3
8,5047,4
8,5049,3.5
8,5065,3.5
8,5093,3
8,5110,4
8,5128,3.5
8,5151,3
8,5152,5
8,5171,3
8,5218,4
8,5219,3
8,5247,3.5
8,5254,4
8,5255,3.5
8,5283,5
8,5293,2
8,5313,3.5
8,5323,2
8,5349,4
8,5378,3
8,5382,3
8,5388,4
8,5414,3
8,5438,3.5
8,5445,3
8,5459,4
8,5463,3.5
8,5476,3
8,5478,4
8,5481,4.5
8,5501,3
8,5502,4.5
8,5507,4
8,5523,3.5
8,5538,2
8,5541,3
8,5556,0.5
8,5573,3
8,5574,4
8,5609,2
8,5621,3
8,5669,4
8,5673,4.5
8,5678,3.5
8,5679,3
8,5810,3.5
8,5816,3.5
8,5833,2
8,5872,3.5
8,5881,3
8,5903,5
8,5944,3
8,5952,3
8,5999,3
8,6003,3.5
8,6040,3
8,6156,3
8,6157,3.5
8,6239,2.5
8,6264,3
8,6280,3.5
8,6290,0.5
8,6294,3.5
8,6296,4
8,6323,3.5
8,6333,4
8,6338,3.5
8,6365,4
8,6373,3.5
8,6378,4
8,6383,3
8,6440,4
8,6502,4
8,6503,3.5
8,6534,3.5
8,6537,3.5
8,6539,5
8,6541,3.5
8,6548,4.5
8,6564,3
8,6567,4
8,6595,3
8,6615,3.5
8,6662,3
8,6663,4
8,6686,3
8,6695,4.5
8,6708,2.5
8,6709,4.5
8,6711,3
8,6720,3.5
8,6754,4
8,6790,3
8,6796,3.5
8,6800,3.5
8,6803,3.5
8,6807,3.5
8,6812,2.5
8,6863,3.5
8,6870,5
8,6873,4.5
8,6874,4.5
8,6880,3
8,6888,3.5
8,6934,4
8,6936,3
8,6944,3
8,6947,4
8,6952,2.5
8,6953,5
8,6957,4.5
8,6966,3.5
8,6977,4
8,6996,3
8,7000,4
8,7004,3
8,7007,4.5
8,7018,3
8,7046,4
8,7076,3.5
8,7090,4.5
8,7101,3
8,7102,3
8,7143,4
8,7153,4
8,7161,3.5
8,7163,3
8,7173,4
8,7175,0.5
8,7193,4.5
8,7254,4
8,7293,3
8,7308,3
8,7310,3
8,7324,4
8,7325,4
8,7347,4
8,7348,3.5
8,7360,5
8,7367,3.5
8,7371,3.5
8,7373,4.5
8,7376,4.5
8,7381,3.5
8,7394,3
8,7395,3
8,7438,4
8,7439,3.5
8,7445,4.5
8,7448,3.5
8,7451,3.5
8,7454,4
8,7458,4
8,7573,2
8,7781,3.5
8,7827,3
8,7923,3
8,8010,3.5
8,8016,3
8,8169,3.5
8,8340,3.5
8,8360,4
8,8361,3.5
8,8366,3.5
8,8368,3.5
8,8371,4
8,8387,1
8,8493,3
8,8528,4.5
8,8623,3.5
8,8633,4
8,8636,3.5
8,8640,3
8,8641,3
8,8644,4.5
8,8665,4
8,8798,4.5
8,8810,4
8,8830,3
8,8860,3
8,8861,3.5
8,8870,3.5
8,8874,4
8,8939,3.5
8,8947,2.5
8,8961,4
8,8968,4.5
8,8972,3.5
8,8984,3
8,8985,4
8,26555,4
8,27728,3.5
8,30822,3.5
8,30825,4
8,32302,4
9,50,5
9,104,2
9,235,5
9,920,2.5
9,1080,4
9,1230,3.5
9,1288,5
9,1380,2.5
9,1500,5
9,1653,4.5
9,2174,4
9,2502,5
9,2640,4
9,2710,0.5
9,2797,3
9,2858,5
9,3429,5
9,3897,2
9,4034,4.5
9,4226,5
9,7361,5
9,26131,4
9,38061,5
9,44761,5
10,4,3
10,7,3
10,17,4
10,21,5
10,25,3
10,34,4
10,36,4
10,42,4
10,58,3
10,62,4
10,85,4
10,111,4
10,236,4
10,265,5
10,296,2
10,306,3
10,308,3
10,356,3
10,357,4
10,454,3
10,457,4
10,506,3
10,509,4
10,515,4
10,527,5
10,531,4
10,538,3
10,541,5
10,587,4
10,590,4
10,593,3
10,597,4
10,608,3
10,613,4
10,736,2
10,802,4
10,1041,5
10,1056,4
10,1094,4
10,1096,5
10,1097,3
10,1101,3
10,1131,5
10,1132,5
10,1172,5
10,1173,2
10,1183,4
10,1185,3
10,1186,4
10,1190,4
10,1193,5
10,1208,5
10,1211,3
10,1213,2
10,1216,4
10,1225,5
10,1228,3
10,1231,4
10,1233,5
10,1246,4
10,1252,4
10,1263,4
10,1264,5
10,1273,4
10,1277,4
10,1293,4
10,1295,4
10,1296,5
10,1302,3
10,1305,4
10,1307,5
10,1354,3
10,1381,1
10,1393,3
10,1569,4
10,1617,4
10,1619,4
10,1643,5
10,1674,5
10,1678,5
10,1680,4
10,1704,3
10,1726,3
10,1727,3
10,1730,4
10,1747,3
10,1784,5
10,1810,4
10,1835,5
10,1913,5
10,1955,4
10,1959,3
10,1960,4
10,1962,4
10,2020,5
10,2022,5
10,2028,5
10,2059,3
10,2065,2
10,2075,5
10,2076,3
10,2112,4
10,2154,2
10,2194,4
10,2268,3
10,2291,4
10,2352,5
10,2397,4
10,2420,3
10,2551,2
10,2686,3
10,2734,2
10,2745,4
10,2852,4
10,2872,4
10,2917,4
10,2931,5
10,2938,5
10,2942,2
10,2943,4
10,2987,3
10,3067,4
10,3068,4
11,260,5
11,296,3
11,349,5
11,440,5
11,480,4
11,539,5
11,733,4
11,750,4
11,858,5
11,908,4
11,920,5
11,1028,5
11,1077,3
11,1081,4
11,1097,5
11,1196,5
11,1198,5
11,1210,5
11,1219,5
11,1240,5
11,1258,3
11,1270,5
11,1277,5
11,1291,5
11,1333,5
11,1374,4
11,1375,4
11,1376,5
11,1387,4
11,1544,4
11,1552,3
11,1580,5
11,1610,5
11,1617,5
11,1690,3
11,1732,3
11,1909,4
11,1917,3
11,1947,5
11,1997,3
11,2011,4
11,2028,5
11,2091,4
11,2160,3
11,2396,5
11,2405,4
11,2406,4
11,2407,4
11,2424,5
11,2470,4
11,2471,4
11,2554,3
11,2555,3
11,2565,5
11,2571,5
11,2581,4
11,2617,3
11,2620,4
11,2622,3
11,2671,5
11,2683,3
11,2686,5
11,2700,3
11,2710,3
11,2716,5
11,2746,4
11,2916,5
11,3061,5
12,5,3
12,253,3
12,345,4
12,454,3
12,736,4
12,780,5
12,1033,3
12,1127,4
12,1333,4
12,1391,4
12,2340,3
12,2369,3
12,2413,2
12,2431,4
12,2628,4
12,2672,3
12,2712,3
12,2762,5
12,2840,3
12,2858,4
12,2908,3
12,2959,4
12,2976,4
12,2987,4
12,2995,3
12,2997,4
12,3033,3
12,3052,3
12,3053,3
12,3081,3
12,3082,4
12,3115,3
12,3147,5
12,3155,3
12,3156,3
12,3175,4
12,3176,3
12,3186,4
12,3238,2
12,3287,2
12,3300,3
12,3301,4
12,3354,3
12,3355,4
12,3452,3
12,3457,4
12,3552,4
12,3578,4
12,3591,3
12,3593,2
12,3608,2
12,3624,4
12,3745,4
12,3755,3
13,2,3
13,20,3
13,23,4
13,31,2
13,50,5
13,71,2
13,88,4
13,141,2
13,173,3
13,253,4
13,266,3
13,296,4
13,315,4
13,325,3
13,344,4
13,349,5
13,377,3
13,423,4
13,471,3
13,569,3
13,586,2
13,595,3
13,608,3
13,648,3
13,661,2
13,708,2
13,809,3
13,870,2
13,912,4
13,924,5
13,973,3
13,996,4
13,1035,3
13,1079,4
13,1089,4
13,1097,4
13,1105,2
13,1113,3
13,1126,3
13,1193,4
13,1196,3
13,1197,4
13,1203,4
13,1210,4
13,1214,4
13,1225,5
13,1234,4
13,1249,4
13,1324,2
13,1367,3
13,1374,4
13,1408,4
13,1457,3
13,1466,4
13,1556,2
13,1569,4
13,1580,5
13,1589,2
13,1616,4
13,1674,4
13,1753,4
13,1772,3
13,2012,4
13,2015,4
13,2028,4
13,2052,3
13,2067,4
13,2269,3
13,2282,2
13,2291,2
13,2301,5
13,2315,1
13,2321,3
13,2352,2
13,2366,4
13,2431,3
13,2459,2
13,2469,4
13,2549,2
13,2562,3
13,2565,4
13,2746,5
13,2764,4
13,2797,4
13,2866,3
13,2900,2
13,2907,4
13,2918,3
13,2959,4
13,2974,2
13,3016,2
13,3039,3
13,3041,4
13,3052,3
13,3081,3
13,3105,4
13,3139,3
13,3173,4
13,3243,4
13,3387,3
13,3408,3
13,3471,5
13,3578,5
13,3623,3
13,3671,4
13,3684,4
13,3693,3
13,3793,3
13,3799,1
13,3839,1
13,3861,3
13,3889,4
13,4006,3
13,4018,3
13,4029,3
13,4207,4
13,4232,3
13,4248,2
13,4267,3
13,4276,4
13,4447,3
13,4480,2
13,4493,1
13,4502,2
13,4545,4
13,4566,2
13,4587,3
13,4633,1
13,4734,4
13,4748,3
13,4756,3
13,4874,3
13,4886,4
13,4901,4
13,4912,2
13,4958,5
13,4993,5
13,5048,1
13,5055,3
13,5152,5
13,5283,4
13,5307,3
13,5309,1
13,5363,4
13,5382,3
13,5422,3
14,1,3
14,2,3
14,260,4.5
14,333,3.5
14,343,2.5
14,524,4
14,837,4.5
14,902,3.5
14,953,4.5
14,1028,3.5
14,1029,4
14,1066,3.5
14,1073,3
14,1088,4
14,1136,5
14,1196,4
14,1197,4.5
14,1210,4.5
14,1513,0.5
14,1517,2
14,1583,2.5
14,1688,4.5
14,1923,2.5
14,1947,4
14,2006,3
14,2012,3
14,2087,4
14,2114,3
14,2125,4
14,2413,4.5
14,2683,3
14,2687,3
14,2746,4
14,2886,4
14,3255,4.5
14,3791,2.5
14,3948,2.5
14,3990,2
14,4014,3
14,4015,1
14,4025,4
14,4308,5
14,4447,3.5
14,4700,3.5
14,4822,2
14,4886,3
14,4896,3.5
14,4961,0.5
14,5066,3.5
14,5218,2.5
14,5299,5
14,5349,4
14,5378,2.5
14,5449,3.5
14,5481,2
14,5816,4
14,5882,3.5
14,5942,3
14,5958,2.5
14,5991,3.5
14,6218,4
14,6297,4
14,6367,4
14,6377,4.5
14,6535,3
14,6539,4.5
14,6863,5
14,7147,4
14,7153,3
14,7164,4
14,7255,3.5
14,7263,3
14,7324,3
14,7380,2.5
14,7444,3
14,7451,4
14,8360,3
14,8368,5
14,8526,1.5
14,8636,5
14,8641,1
14,8807,0.5
14,8869,2
14,8912,2.5
14,8970,4.5
14,8974,0.5
14,27706,4.5
14,27808,2
14,30793,4.5
14,30822,4
14,31221,1
14,32296,3
14,33085,0.5
14,33493,4
14,33499,2
14,33669,4
14,33836,3
14,34520,0.5
14,40815,5
14,40826,5
16,29,4
16,32,5
16,196,2
16,198,2
16,260,5
16,367,3
16,480,3
16,541,3
16,611,3
16,849,2
16,924,5
16,1037,2
16,1077,4
16,1097,4
16,1127,4
16,1129,3
16,1175,5
16,1196,5
16,1199,4
16,1200,4
16,1206,4
16,1210,5
16,1214,4
16,1215,4
16,1240,5
16,1306,5
16,1320,3
16,1391,3
16,1527,5
16,1570,5
16,1573,4
16,1580,4
16,1676,5
16,1690,4
16,1779,4
16,1967,3
16,2011,3
16,2116,3
16,2143,3
16,2161,3
16,2193,4
16,2360,4
17,32,3
17,50,3
17,111,5
17,260,5
17,589,3
17,593,5
17,802,5
17,858,5
17,903,5
17,908,5
17,915,5
17,941,3
17,965,5
17,1017,3
17,1193,5
17,1214,5
17,1219,5
17,1249,5
17,1252,5
17,1321,5
17,1702,3
17,1892,3
17,1918,4
17,1987,1
17,1997,5
17,2006,2
17,2028,5
17,2054,4
17,2094,4
17,2291,5
17,2353,5
17,2368,1
17,2571,1
17,2648,4
17,2662,3
17,2701,2
17,2728,3
17,2762,5
17,2985,2
17,3074,3
17,3101,5
17,3147,5
17,3406,3
17,3435,5
17,3476,3
17,3516,4
17,3634,3
17,3704,5
17,3793,5
17,3960,3
17,4033,3
17,4102,5
17,4326,4
17,4344,4
17,4638,2
17,5007,4
17,5122,5
17,5213,3
17,5294,3
17,5593,2
17,5651,4
17,5952,5
17,6316,5
18,1,3
18,2,3
18,5,1
18,7,2.5
18,10,4
18,11,3
18,17,4
18,20,3.5
18,23,4
18,25,4
18,32,4
18,34,3.5
18,36,4.5
18,45,4
18,47,4.5
18,62,4
18,95,4
18,104,3
18,105,3
18,110,4.5
18,112,3.5
18,145,4
18,150,4
18,163,4
18,165,4
18,169,0.5
18,186,2.5
18,203,3.5
18,216,3.5
18,225,3.5
18,231,2.5
18,252,3.5
18,253,4
18,260,4
18,276,3
18,288,4.5
18,290,4.5
18,296,5
18,300,3
18,303,3.5
18,317,2
18,318,4.5
18,342,4
18,344,3.5
18,345,4
18,349,3.5
18,353,4
18,356,4.5
18,357,3.5
18,361,3.5
18,364,3
18,367,3
18,370,3.5
18,374,0.5
18,377,3
18,380,4
18,420,3
18,427,3.5
18,434,3.5
18,440,4
18,457,4
18,480,3
18,481,4
18,485,3.5
18,491,2
18,494,4
18,500,3
18,508,4
18,520,3.5
18,527,4
18,539,2.5
18,541,4.5
18,585,2
18,586,1
18,587,3
18,589,4
18,590,2
18,592,3
18,593,5
18,597,3.5
18,608,4.5
18,637,2.5
18,661,1
18,733,4
18,736,3.5
18,778,4.5
18,780,4
18,786,3.5
18,788,3.5
18,805,4
18,832,4
18,838,4
18,839,3.5
18,920,4
18,924,4.5
18,1004,4
18,1005,1.5
18,1020,3
18,1027,3
18,1028,3
18,1036,4
18,1037,3.5
18,1047,4
18,1059,4
18,1061,4
18,1073,3
18,1079,4.5
18,1080,4
18,1088,3.5
18,1089,4.5
18,1090,4
18,1091,2.5
18,1092,4
18,1093,4
18,1097,3
18,1100,3
18,1101,3.5
18,1126,2
18,1135,2.5
18,1136,4.5
18,1175,3.5
18,1188,4
18,1196,4
18,1198,4
18,1207,3
18,1208,4.5
18,1210,3
18,1214,4
18,1215,4
18,1219,4
18,1220,5
18,1222,4
18,1240,4
18,1242,4
18,1246,4
18,1250,3.5
18,1255,4
18,1259,3
18,1265,3
18,1266,4
18,1270,3
18,1271,3.5
18,1275,4
18,1291,4
18,1298,4.5
18,1299,4.5
18,1302,2
18,1339,4
18,1343,4
18,1344,4
18,1370,4
18,1378,4
18,1380,2.5
18,1385,3.5
18,1391,4.5
18,1407,3.5
18,1425,4.5
18,1438,3.5
18,1485,2.5
18,1488,3.5
18,1513,2.5
18,1517,4
18,1527,4.5
18,1544,3
18,1552,4
18,1562,2.5
18,1569,3
18,1573,4
18,1580,4
18,1586,3.5
18,1587,3.5
18,1588,2
18,1597,4.5
18,1608,4
18,1616,3.5
18,1641,4
18,1644,3.5
18,1663,3
18,1673,4
18,1674,4
18,1680,4
18,1682,3
18,1687,3.5
18,1702,2.5
18,1704,4
18,1721,3.5
18,1722,4
18,1735,3.5
18,1777,4
18,1835,4
18,1918,3.5
18,1923,4
18,1954,4
18,1961,3
18,1968,4
18,2000,4.5
18,2001,4
18,2002,3.5
18,2003,3.5
18,2004,3
18,2005,3
18,2006,4
18,2011,2
18,2028,4.5
18,2042,1.5
18,2053,1
18,2054,2.5
18,2058,4
18,2072,2.5
18,2081,2
18,2082,1.5
18,2100,3
18,2115,4
18,2134,3
18,2136,3.5
18,2138,4
18,2150,4
18,2174,3
18,2268,4
18,2269,3
18,2279,3
18,2291,4
18,2294,3.5
18,2335,2.5
18,2353,4
18,2355,3
18,2359,4
18,2371,3
18,2378,3
18,2379,3
18,2380,3
18,2396,4
18,2402,3
18,2403,4
18,2404,3
18,2405,3.5
18,2406,3.5
18,2409,3.5
18,2420,3
18,2422,2
18,2424,2
18,2431,3
18,2467,4
18,2470,3.5
18,2473,3
18,2474,3.5
18,2476,4
18,2478,3
18,2490,4
18,2502,4
18,2528,3.5
18,2541,4
18,2542,4.5
18,2571,4
18,2572,4
18,2605,3.5
18,2616,3
18,2617,3
18,2671,3.5
18,2676,3.5
18,2683,4
18,2694,2.5
18,2699,3.5
18,2700,4.5
18,2701,2.5
18,2706,4
18,2710,4
18,2716,3.5
18,2717,3
18,2724,3
18,2734,3.5
18,2735,3
18,2746,4
18,2762,4.5
18,2763,4
18,2770,3.5
18,2791,3.5
18,2794,3.5
18,2803,3
18,2808,3.5
18,2858,4.5
18,2881,3.5
18,2915,4
18,2916,4.5
18,2918,4
18,2944,4
18,2953,2
18,2959,5
18,2985,3.5
18,2987,3.5
18,3005,3.5
18,3020,4
18,3039,4
18,3063,3
18,3081,4
18,3082,4
18,3101,3.5
18,3107,3.5
18,3108,3
18,3147,4
18,3176,4
18,3203,4
18,3210,4
18,3247,3
18,3248,3
18,3252,4
18,3253,3.5
18,3255,2.5
18,3256,4
18,3257,3.5
18,3263,3.5
18,3361,3
18,3396,4
18,3408,4
18,3418,4
18,3448,4.5
18,3489,2
18,3525,3
18,3527,4
18,3535,4
18,3552,3
18,3578,4
18,3617,3.5
18,3646,2.5
18,3682,4
18,3686,3
18,3702,4
18,3703,4
18,3704,3.5
18,3705,3
18,3751,3.5
18,3753,4.5
18,3811,3
18,3821,2.5
18,3841,3
18,3868,4
18,3897,4
18,3911,3.5
18,3948,3
18,3967,3
18,3977,4
18,3979,2
18,3996,4.5
18,4008,4
18,4011,4.5
18,4014,4
18,4015,2
18,4018,2
18,4025,3
18,4040,3
18,4062,3
18,4069,1
18,4084,4
18,4085,4.5
18,4102,4.5
18,4128,4
18,4148,3.5
18,4224,3.5
18,4254,1.5
18,4306,4
18,4308,4
18,4310,3.5
18,4326,4
18,4327,4
18,4344,3.5
18,4368,3
18,4487,3
18,4489,3.5
18,4499,4
18,4558,3
18,4621,0.5
18,4673,3
18,4677,2.5
18,4681,3.5
18,4703,4
18,4744,2
18,4776,4
18,4855,4
18,4865,4.5
18,4963,4
18,5010,4
18,5040,3.5
18,5049,4
18,5055,4
18,5218,3.5
18,5346,3
18,5442,3
18,5452,0.5
18,5459,3.5
18,5524,3.5
18,5785,4
18,5961,3
18,6251,2
18,6323,4.5
18,6377,4
18,6539,4
18,6664,3.5
18,6707,4
18,6709,4
18,6800,3
18,6807,4.5
18,6810,3
18,7000,3
18,7004,2.5
18,7007,3.5
18,7016,2.5
18,7162,3.5
18,7345,0.5
18,7701,0.5
18,8360,4
18,8493,3.5
18,8623,2.5
18,8907,3
19,5,3
19,10,4
19,13,4
19,17,5
19,21,4
19,28,5
19,31,4
19,39,3
19,40,4
19,45,2
19,46,4
19,50,5
19,62,4
19,74,5
19,85,2
19,110,5
19,112,4
19,141,4
19,150,3
19,161,3
19,165,3
19,204,2
19,207,4
19,222,5
19,224,5
19,246,5
19,249,4
19,253,3
19,254,2
19,260,5
19,261,4
19,277,5
19,279,4
19,282,4
19,300,4
19,305,3
19,318,4
19,327,4
19,329,4
19,339,4
19,345,4
19,349,4
19,353,5
19,356,4
19,357,4
19,362,4
19,364,5
19,369,1
19,376,3
19,377,4
19,380,3
19,410,3
19,415,1
19,421,3
19,435,1
19,440,3
19,449,3
19,450,4
19,457,4
19,466,3
19,469,2
19,471,2
19,474,4
19,475,4
19,480,1
19,489,3
19,491,4
19,497,5
19,500,4
19,508,5
19,527,5
19,539,4
19,541,5
19,543,4
19,552,3
19,585,4
19,586,2
19,587,4
19,588,5
19,589,4
19,590,3
19,592,3
19,594,5
19,595,3
19,596,4
19,597,3
19,608,3
19,616,5
19,637,3
19,647,3
19,653,3
19,667,1
19,688,3
19,709,3
19,720,5
19,733,4
19,750,3
19,765,2
19,783,3
19,802,4
19,808,3
19,829,4
19,847,3
19,858,2
19,899,4
19,902,4
19,904,4
19,908,3
19,914,4
19,916,4
19,919,3
19,921,3
19,922,3
19,924,1
19,951,4
19,953,5
19,954,4
19,955,3
19,971,4
19,1009,3
19,1010,3
19,1013,3
19,1014,3
19,1016,3
19,1018,3
19,1022,5
19,1025,4
19,1027,4
19,1031,3
19,1032,4
19,1033,5
19,1035,3
19,1036,3
19,1059,4
19,1060,4
19,1073,4
19,1079,5
19,1080,5
19,1088,4
19,1089,2
19,1093,3
19,1096,3
19,1097,2
19,1099,4
19,1100,3
19,1101,4
19,1103,4
19,1124,3
19,1125,4
19,1131,5
19,1132,5
19,1136,5
19,1148,5
19,1172,5
19,1177,4
19,1183,3
19,1188,5
19,1192,5
19,1193,4
19,1196,5
19,1197,5
19,1198,4
19,1199,3
19,1201,3
19,1203,4
19,1206,3
19,1207,4
19,1208,3
19,1210,5
19,1215,4
19,1220,5
19,1221,2
19,1223,5
19,1224,5
19,1225,4
19,1226,4
19,1227,4
19,1230,4
19,1234,4
19,1240,4
19,1242,4
19,1246,5
19,1247,3
19,1259,5
19,1262,4
19,1265,3
19,1268,4
19,1270,5
19,1271,4
19,1274,4
19,1275,5
19,1278,4
19,1279,3
19,1282,5
19,1285,3
19,1288,4
19,1290,5
19,1291,5
19,1293,4
19,1296,4
19,1297,4
19,1298,4
19,1299,3
19,1300,4
19,1302,4
19,1304,4
19,1306,2
19,1307,4
19,1339,3
19,1367,4
19,1370,3
19,1374,4
19,1375,4
19,1376,4
19,1377,3
19,1378,3
19,1379,3
19,1380,5
19,1385,3
19,1394,4
19,1396,3
19,1408,5
19,1411,4
19,1425,5
19,1441,4
19,1479,4
19,1587,2
19,1588,5
19,1597,4
19,1610,4
19,1641,5
19,2019,3
19,5060,4
22,19,1
22,21,4
22,32,4
22,34,3
22,47,4
22,50,4
22,110,5
22,150,4
22,153,3
22,161,4
22,165,3
22,185,3
22,208,4
22,225,3
22,231,3
22,253,3
22,266,3
22,288,1
22,292,3
22,296,5
22,316,4
22,317,3
22,329,4
22,339,3
22,344,3
22,349,3
22,356,4
22,357,4
22,364,4
22,377,3
22,380,4
22,454,3
22,480,4
22,482,4
22,500,3
22,521,1
22,527,4
22,539,4
22,586,2
22,587,3
22,588,4
22,589,4
22,592,3
22,593,5
22,595,4
22,597,1
22,653,3
23,1,5
23,7,3
23,17,5
23,21,4
23,32,5
23,39,3
23,47,4
23,50,5
23,62,3
23,95,4
23,141,3
23,223,4
23,232,5
23,260,4
23,261,5
23,282,4
23,293,5
23,296,4
23,300,5
23,306,5
23,319,4
23,337,4
23,339,5
23,367,4
23,377,3
23,457,3
23,497,5
23,527,5
23,539,4
23,589,4
23,593,5
23,595,4
23,608,5
23,648,3
23,661,3
23,708,5
23,720,5
23,728,4
23,736,3
23,745,5
23,778,4
23,780,3
23,838,5
23,1036,4
24,1,5
24,3,3
24,5,4
24,6,3
24,7,4
24,17,5
24,32,3
24,62,5
24,64,5
24,94,3
24,104,4
24,112,4
24,260,5
24,376,3
24,494,4
24,608,3
24,647,4
24,648,4
24,708,5
24,733,5
24,736,3
24,780,4
24,786,5
24,788,4
24,802,3
24,805,5
24,832,5
24,836,3
24,852,4
24,858,5
24,1047,4
24,1073,4
24,1210,5
24,1356,5
24,1393,5
26,10,4
26,19,1
26,47,5
26,110,5
26,150,5
26,153,3
26,161,5
26,165,4
26,185,4
26,208,3
26,292,5
26,316,4
26,329,4
26,339,3
26,344,3
26,349,4
26,367,3
26,377,5
26,380,4
26,434,4
26,454,4
26,457,5
26,539,3
26,586,3
26,587,4
26,588,5
26,589,5
26,590,3
26,592,3
26,597,3
26,733,5
26,780,5
27,3,3
27,12,2
27,32,4
27,61,3
27,65,3
27,79,2
27,88,3
27,95,3
27,100,3
27,102,3
27,107,2
27,135,2
27,494,4
27,608,4
27,628,4
27,637,3
27,640,3
27,648,3
27,653,3
27,719,2
27,733,4
27,736,4
27,761,3
27,762,3
27,780,5
27,784,2
27,785,3
27,788,2
27,799,3
27,802,3
27,805,4
27,836,4
27,842,3
27,849,3
27,880,3
27,1073,4
27,1105,1
27,1356,5
28,1097,4
28,1197,4
28,1220,4
28,1270,4
28,1278,4
28,1394,2
28,1967,3
28,1968,4
28,2000,4
28,2005,1
28,2054,2
28,2100,4
28,2134,3
28,2140,4
28,2141,3
28,2143,4
28,2144,4
28,2145,4
28,2161,4
28,2174,4
28,2193,4
28,2245,4
28,2301,4
28,2371,4
28,2374,4
28,2375,4
28,2406,4
28,2407,4
29,1918,4
29,1999,2
29,2023,4
29,2404,3
29,2769,1
29,3404,2
29,3478,3
29,3863,1
29,3865,1
29,3879,5
29,3882,5
29,3884,1
29,3885,5
29,3889,5
29,3893,1
29,3894,1
29,3896,2
29,3897,2
29,3903,1
29,3908,1
29,3910,1
29,3911,3
29,3915,1
29,3943,1
29,3945,1
29,3946,3
29,3948,1
29,3949,1
29,3951,1
29,3952,2
29,3953,1
29,3955,1
29,3956,2
29,3967,1
29,3968,1
29,3969,1
29,3972,1
29,3973,1
29,3977,5
29,3978,1
29,3979,4
29,3983,1
30,1,5
30,3,4
30,11,5
30,17,5
30,28,5
30,34,5
30,43,4
30,47,4
30,62,5
30,92,4
30,104,5
30,107,5
30,110,5
30,116,5
30,141,5
30,150,5
30,151,5
30,161,5
30,185,4
30,208,3
30,230,5
30,235,5
30,248,4
30,253,3
30,260,5
30,261,5
30,266,5
30,282,5
30,300,5
30,317,3
30,318,5
30,339,5
30,344,4
30,356,5
30,357,4
30,362,5
30,364,5
30,367,5
30,368,5
30,370,2
30,371,5
30,377,5
30,380,5
30,383,4
30,432,4
30,440,5
30,454,4
30,466,2
30,480,4
30,500,4
30,524,5
30,527,5
30,531,3
30,539,5
30,551,4
30,553,5
30,586,4
30,588,5
30,590,5
30,592,5
30,593,5
30,594,4
30,595,5
30,597,5
30,608,4
30,616,4
30,637,4
30,648,5
30,661,4
30,678,5
30,707,3
30,733,5
30,736,5
30,780,4
30,783,5
30,838,5
30,848,5
30,852,5
30,903,5
30,904,5
30,914,5
30,919,5
30,920,5
30,924,3
30,932,5
30,953,5
30,954,5
30,1020,4
30,1022,5
30,1023,5
30,1027,5
30,1028,5
30,1029,5
30,1035,5
30,1042,5
30,1049,4
30,1064,4
30,1073,4
30,1079,5
30,1097,5
30,1101,4
30,1136,3
30,1183,5
30,1186,3
30,1193,4
30,1196,5
30,1198,5
30,1201,4
30,1207,5
30,1210,5
30,1219,4
30,1231,5
30,1240,3
30,1242,5
30,1247,5
30,1258,5
30,1265,5
30,1270,5
30,1271,5
30,1272,3
30,1278,5
30,1282,4
30,1288,3
30,1291,5
30,1293,3
30,1296,5
30,1302,5
30,1307,5
30,1333,4
30,1345,4
30,1367,4
30,1374,5
30,1377,5
30,1380,5
30,1390,4
30,1391,5
30,1393,4
30,1394,5
30,1409,5
30,1441,3
30,1466,3
30,1489,5
30,1544,4
30,1552,3
30,1566,4
30,1569,4
30,1580,5
33,1,4
33,6,3
33,7,3
33,17,4
33,26,4
33,32,3
33,36,5
33,52,4
33,62,3
33,92,3
33,95,2
33,103,3
33,141,3
33,608,5
33,634,3
33,648,3
33,661,3
33,709,3
33,736,2
33,780,3
33,783,3
33,784,2
33,828,3
33,1049,3
33,1073,3
33,1084,4
34,1,3
34,2,3
34,3,4
34,5,3
34,8,3
34,9,3
34,19,2
34,22,3
34,23,4
34,24,5
34,25,2
34,29,3
34,32,3
34,34,2
34,36,3
34,39,1
34,42,2
34,44,3
34,47,4
34,48,2
34,50,4
34,62,3
34,63,2
34,65,2
34,69,3
34,70,2
34,73,4
34,79,3
34,86,3
34,88,3
34,95,2
34,104,4
34,105,2
34,110,5
34,126,2
34,132,2
34,145,3
34,150,3
34,153,2
34,158,2
34,160,2
34,161,3
34,163,3
34,165,2
34,168,3
34,173,3
34,174,2
34,181,1
34,185,3
34,186,3
34,188,3
34,196,2
34,204,1
34,208,1
34,216,2
34,227,3
34,230,3
34,231,2
34,236,4
34,238,3
34,240,3
34,246,2
34,247,2
34,252,3
34,253,3
34,257,3
34,260,4
34,265,2
34,266,2
34,267,2
34,275,3
34,276,3
34,292,4
34,293,5
34,296,1
34,315,3
34,316,4
34,317,4
34,318,5
34,329,1
34,333,5
34,342,1
34,343,2
34,344,2
34,349,3
34,350,3
34,353,3
34,356,1
34,364,3
34,367,3
34,370,2
34,371,2
34,376,4
34,377,2
34,379,4
34,380,3
34,382,3
34,393,2
34,405,2
34,407,2
34,408,3
34,420,3
34,423,3
34,431,3
34,432,3
34,434,4
34,437,2
34,442,4
34,450,4
34,454,3
34,457,4
34,464,3
34,466,2
34,473,1
34,474,4
34,479,3
34,480,4
34,481,2
34,485,2
34,491,4
34,493,2
34,500,3
34,502,2
34,504,2
34,505,2
34,508,3
34,509,2
34,511,3
34,516,3
34,517,2
34,520,1
34,524,3
34,527,5
34,528,1
34,529,3
34,531,3
34,539,3
34,540,3
34,541,3
34,542,4
34,546,1
34,547,3
34,551,3
34,552,4
34,569,2
34,575,3
34,585,1
34,586,3
34,588,4
34,589,4
34,590,5
34,593,5
34,595,4
34,608,2
34,609,2
34,628,4
34,631,2
34,647,4
34,648,3
34,653,3
34,662,3
34,673,2
34,704,3
34,724,2
34,733,3
34,736,3
34,742,3
34,748,2
34,762,2
34,780,4
34,782,2
34,783,4
34,784,1
34,785,3
34,786,3
34,788,3
34,799,2
34,801,2
34,805,4
34,828,2
34,829,2
34,832,4
34,833,2
34,837,1
34,849,2
34,858,3
34,870,3
34,879,4
34,880,3
34,881,1
34,888,1
34,891,1
34,899,2
34,919,2
34,924,3
34,968,3
34,990,3
34,1003,3
34,1005,2
34,1015,3
34,1020,3
34,1027,4
34,1032,2
34,1037,4
34,1047,3
34,1049,4
34,1060,2
34,1073,2
34,1079,2
34,1080,3
34,1089,3
34,1090,4
34,1092,4
34,1094,1
34,1095,2
34,1099,1
34,1104,1
34,1131,4
34,1132,4
34,1136,4
34,1183,2
34,1196,3
34,1197,4
34,1198,4
34,1199,4
34,1200,4
34,1201,3
34,1203,4
34,1204,3
34,1208,4
34,1209,3
34,1210,4
34,1213,3
34,1219,3
34,1221,3
34,1222,3
34,1225,3
34,1240,4
34,1242,5
34,1246,4
34,1249,4
34,1258,4
34,1259,2
34,1261,1
34,1262,3
34,1263,3
34,1265,3
34,1266,4
34,1271,2
34,1287,3
34,1293,3
34,1320,3
34,1340,1
34,1342,3
34,1343,4
34,1356,1
34,1357,4
34,1359,3
34,1363,2
34,1367,3
34,1370,3
34,1372,1
34,1376,1
34,1377,3
34,1379,3
34,1385,2
34,1387,3
34,1393,1
34,1396,3
34,1405,1
34,1407,3
34,1408,4
34,1422,3
34,1425,2
34,1427,3
34,1431,3
34,1438,2
34,1441,3
34,1457,3
34,1459,3
34,1461,3
34,1468,2
34,1485,4
34,1495,1
34,1499,2
34,1500,2
34,1503,3
34,1517,3
34,1518,3
34,1544,3
34,1552,2
34,1566,3
34,1569,3
34,1573,3
34,1581,3
34,1584,3
34,1588,1
34,1589,3
34,1590,4
34,1591,4
34,1592,1
34,1597,4
34,1598,3
34,1603,3
34,1608,3
34,1610,4
34,1615,2
34,1619,2
34,1620,4
34,1625,4
34,1640,2
34,1644,3
34,1645,3
34,1653,3
34,1654,2
34,1673,1
34,1676,2
34,1680,2
34,1682,4
34,1687,3
34,1688,3
34,1690,3
34,1693,4
34,1702,2
34,1704,3
34,1707,1
34,1717,2
34,1721,4
34,1722,2
34,1727,2
34,1729,2
34,1732,4
34,1744,3
34,1747,3
34,1748,3
34,1754,3
34,1756,3
34,1762,3
34,1771,3
34,1777,4
34,1779,4
34,1784,4
34,1792,3
34,1797,3
34,1801,4
34,1826,1
34,1831,2
34,1833,2
34,1835,3
34,1837,4
34,1839,2
34,1841,3
34,1855,1
34,1869,1
34,1873,4
34,1876,5
34,1882,2
34,1894,2
34,1907,3
34,1909,1
34,1911,3
34,1914,2
34,1917,3
34,1918,4
34,1920,2
34,1921,3
34,1923,1
34,1953,3
34,1961,4
34,1968,4
34,1993,1
34,2000,4
34,2002,3
34,2004,2
34,2006,4
34,2012,3
34,2019,3
34,2028,5
34,2042,2
34,2052,2
34,2058,4
34,2059,3
34,2082,2
34,2089,3
34,2092,1
34,2094,2
34,2120,4
34,2124,2
34,2125,4
34,2126,2
34,2144,3
34,2162,2
34,2167,5
34,2195,3
34,2231,3
34,2253,2
34,2268,4
34,2269,2
34,2273,4
34,2278,3
34,2279,3
34,2289,2
34,2291,4
34,2294,3
34,2296,4
34,2297,4
34,2302,3
34,2306,2
34,2315,1
34,2320,4
34,2322,3
34,2329,4
34,2334,5
34,2335,3
34,2338,1
34,2352,2
34,2355,3
34,2359,2
34,2384,2
34,2391,3
34,2393,1
34,2394,4
34,2412,4
34,2424,3
34,2427,2
34,2431,4
34,2432,3
34,2443,3
34,2447,2
34,2461,1
34,2462,1
34,2467,3
34,2485,2
34,2496,2
34,2497,2
34,2498,2
34,2500,1
34,2501,2
34,2502,3
34,2505,1
34,2539,4
34,2548,3
34,2550,3
34,2560,2
34,2571,5
34,2573,2
34,2577,2
34,2581,3
34,2597,3
34,2605,2
34,2617,2
34,2628,2
34,2660,1
34,2664,1
34,2671,4
34,2679,4
34,2682,1
34,2683,3
34,2686,4
34,2687,4
34,2688,2
34,2693,1
34,2694,2
34,2699,4
34,2700,1
34,2702,2
34,2706,1
34,2707,3
34,2710,1
34,2713,3
34,2719,3
34,2720,2
34,2722,2
34,2723,1
34,2724,2
34,2725,1
34,2761,3
34,2762,2
34,2763,1
34,2772,3
34,2791,3
34,2793,2
34,2803,3
34,2805,4
34,2808,4
34,2812,1
34,2822,3
34,2826,5
34,2827,2
34,2840,4
34,2841,3
34,2860,3
34,2872,5
34,2875,3
34,2881,3
34,2882,2
34,2889,2
34,2898,3
34,2916,3
34,2918,3
34,2947,3
34,2953,2
34,2959,3
34,2976,3
34,2986,1
34,2987,2
34,2996,3
34,2997,2
34,3000,2
34,3004,3
34,3006,3
34,3020,3
34,3043,1
34,3047,1
34,3053,3
34,3054,1
34,3079,2
34,3098,3
34,3100,2
34,3107,5
34,3108,4
34,3114,4
34,3146,3
34,3147,5
34,3165,3
34,3173,1
34,3175,2
34,3176,1
34,3178,4
34,3179,2
34,3180,2
34,3186,3
34,3190,1
34,3198,3
34,3213,2
34,3243,3
34,3246,2
34,3247,3
34,3249,4
34,3250,4
34,3252,3
34,3253,2
34,3254,2
34,3255,2
34,3256,4
34,3257,3
34,3259,3
34,3263,3
34,3264,3
34,3268,2
34,3269,3
34,3270,4
34,3271,3
34,3273,1
34,3285,1
34,3286,2
34,3299,1
34,3300,4
34,3301,3
34,3324,2
34,3328,1
34,3347,3
34,3354,2
34,3400,2
34,3408,3
34,3409,3
34,3418,2
34,3421,3
34,3439,2
34,3450,3
34,3452,3
34,3471,3
34,3476,3
34,3481,3
34,3483,2
34,3484,3
34,3489,4
34,3499,4
34,3510,3
34,3513,4
34,3534,2
34,3535,4
34,3536,2
34,3551,3
34,3553,3
34,3555,2
34,3578,4
34,3593,1
34,3594,3
34,3615,4
34,3616,2
34,3618,2
34,3623,1
34,3624,3
34,3646,3
34,3661,2
34,3662,2
34,3663,1
34,3664,1
34,3686,4
34,3697,3
34,3699,3
34,3717,4
34,3744,2
34,3745,2
34,3751,2
34,3752,1
34,3753,3
34,3755,3
34,3785,2
34,3793,5
34,3802,3
34,3809,3
34,3821,2
34,3824,2
34,3826,2
34,3841,3
34,3861,2
34,3863,3
34,3864,1
34,3869,2
34,3879,3
34,3896,2
34,3908,2
34,3940,1
34,3946,3
34,3953,1
34,3973,1
34,3980,4
34,3987,3
34,3990,1
34,3991,2
34,4010,3
34,4016,3
34,4047,3
34,4085,4
34,4103,4
34,4105,3
34,6425,2
35,1,3
35,32,3.5
35,47,4
35,63,1.5
35,70,3
35,95,3.5
35,150,3
35,160,3
35,165,3.5
35,223,1.5
35,292,2.5
35,319,3.5
35,344,2.5
35,377,4
35,380,1
35,434,2.5
35,442,2.5
35,480,3
35,494,1
35,540,3
35,587,3
35,589,4.5
35,592,3
35,608,4.5
35,733,4
35,750,4.5
35,778,5
35,780,2.5
35,1080,4
35,1101,4
35,1127,0.5
35,1196,2
35,1200,4.5
35,1206,5
35,1208,4.5
35,1210,3.5
35,1219,3
35,1222,4.5
35,1240,3.5
35,1258,4
35,1265,3
35,1288,3
35,1298,3.5
35,1320,3
35,1385,2
35,1387,4
35,1407,3
35,1517,3.5
35,1527,4.5
35,1552,2
35,1573,3.5
35,1580,1
35,1584,1.5
35,1608,1
35,1610,4.5
35,1620,3
35,1673,4
35,1676,2.5
35,1687,3
35,1690,2
35,1721,1
35,1805,3.5
35,1876,1.5
35,1917,0.5
35,1921,4.5
35,1923,3.5
35,2011,2.5
35,2012,2.5
35,2028,4
35,2054,2
35,2167,3.5
35,2174,4.5
35,2278,4.5
35,2321,4.5
35,2329,4.5
35,2340,4
35,2353,3.5
35,2485,1
35,2571,4
35,2572,2
35,2580,3
35,2594,4.5
35,2617,1
35,2683,3
35,2692,5
35,2699,3
35,2701,1
35,2706,2.5
35,2710,1.5
35,2712,4.5
35,2762,4
35,2763,1
35,2858,4.5
35,2890,4.5
35,2959,5
35,2987,4
35,3005,3
35,3082,1
35,3146,1
35,3160,4
35,3246,3
35,3264,1.5
35,3476,3.5
35,3498,3.5
35,3555,3.5
35,3556,4.5
35,3654,3
35,3948,3.5
35,3949,5
35,3996,4.5
35,4011,3.5
35,4226,4.5
35,4306,3.5
35,4718,1.5
35,4878,5
35,4963,4
35,4975,3
35,4993,3.5
35,5445,3
35,5502,4
35,5666,4
35,5669,4
35,6067,4
35,6708,4.5
35,6874,4
35,7254,4
35,7361,5
35,8464,3.5
35,8528,3
35,8917,4
35,8950,4.5
35,38038,3.5
36,1,4
36,2,3
36,3,3
36,6,5
36,10,3
36,11,2
36,13,4
36,15,4
36,16,5
36,18,4
36,21,3
36,24,3
36,34,3
36,39,4
36,48,2
36,50,5
36,63,3
36,70,3
36,95,3
36,104,5
36,111,3
36,145,4
36,153,2
36,158,3
36,163,4
36,165,4
36,180,5
36,208,3
36,216,5
36,223,4
36,231,5
36,239,2
36,246,3
36,250,4
36,260,4
36,274,2
36,288,3
36,293,4
36,296,5
36,316,3
36,317,3
36,333,5
36,353,4
36,356,5
36,362,4
36,364,5
36,367,4
36,368,4
36,370,2
36,376,4
36,380,3
36,409,4
36,410,4
36,431,4
36,442,3
36,454,4
36,457,4
36,480,4
36,486,4
36,494,2
36,500,4
36,543,4
36,546,4
36,551,4
36,552,2
36,553,4
36,555,4
36,558,2
36,569,3
36,586,4
36,588,5
36,589,4
36,590,3
36,592,5
36,593,4
36,595,5
36,596,3
36,597,4
36,608,3
36,648,4
36,661,4
36,671,5
36,673,2
36,688,3
36,700,4
36,708,2
36,719,2
36,733,3
36,778,3
36,780,3
36,782,2
36,783,3
36,785,4
36,788,2
36,801,2
36,810,1
36,832,3
36,837,4
36,849,2
36,852,2
36,858,5
36,870,1
36,880,3
36,919,4
36,924,2
36,934,4
36,986,3
36,1015,4
36,1020,4
36,1025,3
36,1029,3
36,1036,4
36,1049,4
36,1059,4
36,1060,4
36,1064,4
36,1073,4
36,1084,3
36,1089,5
36,1092,3
36,1100,3
36,1101,4
36,1196,5
36,1198,1
36,1204,5
36,1206,4
36,1208,4
36,1210,5
36,1213,5
36,1221,5
36,1222,4
36,1228,4
36,1240,4
36,1252,4
36,1257,3
36,1262,5
36,1265,4
36,1270,4
36,1276,3
36,1288,4
36,1291,4
36,1304,3
36,1343,4
36,1356,3
36,1358,4
36,1359,3
36,1374,4
36,1377,4
36,1378,5
36,1379,3
36,1380,4
36,1387,5
36,1391,3
36,1393,4
36,1407,3
36,1461,4
36,1466,4
36,1500,4
36,1513,2
36,1517,5
36,1527,3
36,1544,2
36,1552,4
36,1562,1
36,1566,3
36,1573,4
36,1580,4
36,1591,3
36,1597,4
36,1601,4
36,1614,2
36,1615,3
36,1617,5
36,1625,3
36,1639,4.5
36,1640,3
36,1642,4
36,1645,3
36,1663,3
36,1676,4
36,1681,1
36,1687,2
36,1690,2
36,1702,3
36,1729,5
36,1732,3
36,1746,1
36,1777,4
36,1779,3
36,1784,4
36,1806,4
36,1831,2
36,1840,4
36,1854,3
36,1882,2
36,1883,3
36,1884,3
36,1887,3
36,1889,4
36,1907,2
36,1912,4
36,1917,4
36,1918,3
36,1919,4
36,1920,3
36,1923,4
36,1954,4
36,1961,4
36,1968,5
36,2000,4
36,2001,4
36,2002,4
36,2003,3
36,2004,4
36,2011,4
36,2012,4
36,2019,4
36,2022,4.5
36,2023,2
36,2028,3
36,2036,3
36,2048,3
36,2053,2
36,2054,3
36,2060,5
36,2081,5
36,2082,3
36,2083,4
36,2087,3
36,2089,4
36,2092,3
36,2097,3
36,2115,4
36,2123,4
36,2124,4
36,2133,3
36,2134,3
36,2142,4
36,2167,3
36,2174,4
36,2194,2
36,2253,3
36,2268,4
36,2273,2
36,2291,4
36,2294,3
36,2315,2
36,2353,3
36,2355,4
36,2387,2
36,2394,4
36,2396,4
36,2399,3
36,2409,4
36,2413,3
36,2423,4
36,2429,2
36,2430,3
36,2447,3
36,2490,4
36,2496,3
36,2502,5
36,2539,3
36,2571,3
36,2572,4
36,2581,2
36,2587,2
36,2616,3
36,2617,4
36,2628,2
36,2657,3
36,2683,4
36,2687,4
36,2693,3
36,2694,4
36,2700,4
36,2701,1
36,2706,2
36,2710,3
36,2716,4
36,2717,4
36,2720,2
36,2746,3
36,2747,3
36,2762,4
36,2770,2
36,2791,4
36,2797,3
36,2804,4
36,2857,2
36,2858,4
36,2860,2
36,2881,3
36,2908,5
36,2915,3
36,2918,5
36,2953,4
36,2959,4
36,2976,4
36,2987,4
36,3033,3
36,3034,4
36,3039,4
36,3052,4.5
36,3081,3
36,3087,4
36,3174,2
36,3175,4
36,3219,4
36,3225,2
36,3246,4
36,3247,3
36,3254,4
36,3255,3
36,3263,4
36,3267,3
36,3275,2
36,3298,4
36,3301,4
36,3327,4
36,3362,4.5
36,3386,4.5
36,3396,4
36,3397,4
36,3400,3
36,3409,3
36,3424,4
36,3438,4
36,3439,4
36,3440,4
36,3448,4
36,3481,4
36,3483,4
36,3489,4
36,3534,2
36,3535,3
36,3552,4
36,3578,3
36,3614,4
36,3617,2
36,3698,3
36,3717,4
36,3751,4
36,3753,4
36,3785,2
36,3793,3
36,3826,4
36,3833,2
36,3896,2
36,3897,4
36,3911,4
36,3948,4
36,3988,3
36,4002,4
36,4010,4
36,4011,4
36,4090,4
36,4148,3
36,4161,3
36,4214,3
36,4226,4
36,4228,3
36,4232,4
36,4246,4
36,4262,5
36,4270,1
36,4306,4
36,4310,1
36,4369,2
36,4445,3
36,4447,2
36,4519,3
36,4544,4
36,4545,3
36,4568,3
36,4571,3
36,4619,3
36,4623,5
36,4643,2
36,4679,4
36,4718,2
36,4720,4
36,4734,3.5
36,4771,2
36,4774,2
36,4776,3.5
36,4814,3
36,4816,3
36,4866,2
36,4867,3
36,4890,3
36,4896,3
36,4951,4
36,4963,4
36,4979,2
36,4980,3
36,4993,4
36,5002,4
36,5025,4
36,5064,4
36,5096,1
36,5102,4
36,5103,5
36,5110,5
36,5159,4
36,5265,4
36,5293,4
36,5349,3
36,5378,3
36,5388,3
36,5400,3
36,5419,2
36,5459,2
36,5478,1
36,5481,2
36,5502,4
36,5507,1
36,5528,3
36,5539,4
36,5541,4
36,5563,3
36,5572,2
36,5573,3
36,5582,2
36,5589,4
36,5617,3
36,5620,2
36,5630,4
36,5670,4
36,5673,4
36,5675,2
36,5679,4
36,5782,4
36,5816,3
36,5872,1
36,5893,2
36,5902,5
36,5945,3
36,5952,4
36,5954,4
36,5956,4.5
36,5989,5
36,5991,3
36,6001,5
36,6006,1
36,6012,2
36,6014,2
36,6040,1
36,6058,3
36,6157,1
36,6166,3
36,6185,2
36,6188,3
36,6213,2
36,6219,2
36,6220,4
36,6250,3
36,6264,1
36,6265,1
36,6281,3
36,6333,4
36,6365,2.5
36,6373,1.5
36,6377,3.5
36,6482,1
36,6502,4
36,6503,2
36,6534,4
36,6537,3
36,6539,4
36,6548,2
36,6566,3
36,6586,2.5
36,6595,3
36,6615,3
36,6617,3.5
36,7318,2.5
36,33085,3.5
36,33164,3.5
37,32,3
37,47,4
37,50,3.5
37,70,2.5
37,110,3.5
37,112,2
37,223,4
37,293,3.5
37,296,5
37,318,3
37,319,3.5
37,342,2.5
37,355,0.5
37,541,4
37,555,5
37,589,4.5
37,593,2.5
37,778,4
37,899,1.5
37,1036,5
37,1080,4
37,1088,1
37,1089,5
37,1127,3
37,1136,4
37,1200,5
37,1201,3.5
37,1210,5
37,1214,2
37,1215,4.5
37,1240,5
37,1258,2
37,1261,4.5
37,1275,2.5
37,1291,4
37,1304,2.5
37,1320,2
37,1527,2.5
37,1690,1
37,1704,0.5
37,1876,2
37,1917,2
37,2000,1.5
37,2003,1.5
37,2028,1.5
37,2115,3.5
37,2167,2.5
37,2194,0.5
37,2542,3.5
37,2571,3.5
37,2580,3.5
37,2795,4
37,2959,5
37,3421,3
37,3448,2.5
37,3508,3.5
37,3527,5
37,3578,3
37,3793,1
37,3977,0.5
37,3996,2.5
37,4011,5
37,4105,5
37,4128,2
37,4226,4
37,4306,3
37,4878,5
37,4993,2.5
37,5244,3.5
37,5418,1
37,5630,3
37,5952,2.5
37,6333,1
37,6874,4.5
37,7090,2
37,7153,3.5
37,7438,4.5
37,7482,3.5
37,8636,2
37,8665,0.5
38,10,4
38,22,4.5
38,27,4
38,34,1
38,39,2
38,47,4.5
38,62,2.5
38,110,3.5
38,140,4
38,145,4
38,150,3
38,160,4.5
38,185,3.5
38,208,4
38,218,4
38,231,1
38,266,4
38,292,5
38,293,4
38,296,4.5
38,316,3
38,318,4
38,339,2.5
38,350,4
38,351,3.5
38,356,4.5
38,377,4
38,380,4
38,454,4
38,457,4.5
38,480,3
38,500,4
38,531,3
38,539,3.5
38,586,3.5
38,587,3
38,588,4
38,590,3
38,593,4
38,597,4
38,647,4
38,648,3
38,726,4.5
38,733,3.5
38,736,3
38,786,4
38,788,3
38,802,3.5
38,805,4.5
38,832,5
38,837,4
38,919,4
38,1013,4
38,1014,4
38,1035,3.5
38,1047,5
38,1073,3.5
38,1197,3
38,1250,3
38,1258,4
38,1307,3
38,1393,4
38,1408,3
38,1479,5
38,1552,5
38,1580,1
38,1584,3.5
38,1597,4.5
38,1615,5
38,1620,4.5
38,1682,3
38,1704,3.5
38,1721,3
38,1754,4
38,1876,3
38,1892,5
38,1894,4.5
38,1923,1
38,1961,3
38,2052,4
38,2058,4
38,2297,5
38,2340,5
38,2353,4.5
38,2396,2.5
38,2432,4.5
38,2502,3.5
38,2539,3
38,2541,4
38,2571,4
38,2572,4.5
38,2605,4.5
38,2671,3.5
38,2676,4
38,2683,1
38,2688,4.5
38,2694,4
38,2706,2
38,2710,1
38,2714,4.5
38,2762,3.5
38,2763,4.5
38,2803,5
38,2827,4
38,2840,4.5
38,2881,4
38,2959,4
38,2975,4.5
38,3005,4.5
38,3065,4
38,3101,3.5
38,3147,4
38,3176,3.5
38,3186,5
38,3225,4.5
38,3238,4
38,3255,4
38,3408,4.5
38,3451,4
38,3510,4
38,3554,4.5
38,3565,4.5
38,3578,3.5
38,3717,3.5
38,3753,3.5
38,3798,4.5
38,3844,4.5
38,3897,1.5
38,3948,3.5
38,3980,4
38,3994,3.5
38,3996,4.5
38,3998,4
38,3999,4
38,4018,3.5
38,4022,4
38,4023,4.5
38,4025,4
38,4054,5
38,4069,3
38,4148,5
38,4161,3.5
38,4223,3.5
38,4238,4.5
38,4246,4
38,4310,4
38,4344,3.5
38,4448,4
38,4720,5
38,4776,2.5
38,4865,4.5
38,4880,3.5
38,4896,4.5
38,4963,4
38,4973,5
38,4975,2.5
38,4993,3.5
38,4995,2
38,5108,5
38,5127,4
38,5151,4.5
38,5296,3.5
38,5299,3
38,5349,4
38,5364,5
38,5377,3.5
38,5418,4.5
38,5620,4.5
38,5679,4
38,5816,4.5
38,5881,4
38,5952,3
38,5957,4.5
38,5989,4
38,6155,5
38,6187,5
38,6222,3.5
38,6266,3
38,6280,4.5
38,6367,2.5
38,6373,4.5
38,6377,4
38,6378,4
38,6502,4
38,6612,0.5
38,6765,3.5
38,6874,3.5
38,6886,4
38,6887,3.5
38,6893,4.5
38,7048,3.5
38,7147,4.5
38,7153,4
38,7154,4.5
38,7173,4.5
38,7254,4
38,7285,4
38,7293,4.5
38,7346,2
38,7361,4.5
38,7366,5
38,7438,3.5
38,7445,5
38,8361,3.5
38,8368,4.5
38,8376,4.5
38,8533,5
38,8665,4.5
38,8784,4.5
38,8836,4.5
38,8916,5
38,8949,2.5
38,8965,5
38,27808,5
38,30707,2
38,30749,3.5
38,30793,3.5
38,30810,1
38,31685,5
38,31696,3.5
38,32294,3.5
38,33085,3
38,33145,4.5
38,33166,4
38,33615,3.5
38,33646,1
38,33679,4.5
38,34162,3.5
38,37720,3
38,39183,3
38,39231,4
38,40614,4
38,40815,4.5
38,41571,4.5
38,41573,1
38,43923,3.5
38,44191,3.5
38,44195,3.5
38,45447,5
38,45668,3
38,45672,4.5
38,46578,3.5
38,47099,5
38,47950,3
38,47970,5
38,48385,0.5
38,48394,5
38,49272,2
38,54286,5
38,56367,5
40,34,5
40,36,4
40,50,5
40,150,3
40,174,3
40,176,3
40,223,3
40,235,5
40,246,4
40,290,3
40,296,5
40,318,5
40,358,1
40,428,4
40,441,4
40,457,4
40,527,4
40,589,3
40,593,5
40,608,5
40,714,5
40,866,5
40,1060,4
40,1089,5
40,1147,5
40,1193,5
40,1196,5
40,1213,5
40,1248,5
40,1266,3
40,1392,2
40,1449,2
40,1517,4
40,1617,4
40,1673,5
40,2289,3
40,2306,3
40,2336,3
40,2355,4
40,2396,3
40,2447,4
40,2491,3
40,2502,5
40,2539,4
40,2558,3
40,2571,4
40,2605,4
40,2617,4
40,2683,5
40,2700,2
40,2707,3
40,2712,3
40,2761,2
40,2858,5
40,2997,4
40,3081,5
40,3173,5
41,39,4
41,45,2
41,69,3
41,105,3
41,140,3
41,141,3
41,163,2
41,195,3
41,223,3
41,236,3
41,276,3
41,339,4
41,356,5
41,357,4
41,364,5
41,380,3
41,427,1
41,550,2
41,587,3
41,588,4
41,594,4
41,595,3
41,597,5
41,605,1
41,608,3
41,708,2
41,736,3
41,804,2
41,852,2
41,898,4
41,899,5
41,900,4
41,902,4
41,910,5
41,912,5
41,914,4
41,915,4
41,919,5
41,920,5
41,932,5
41,1022,5
41,1028,4
41,1029,3
41,1035,5
41,1059,3
41,1060,3
41,1073,3
41,1079,3
41,1088,4
41,1093,3
41,1094,2
41,1100,2
41,1101,4
41,1183,3
41,1197,4
41,1220,4
41,1247,4
41,1259,4
41,1265,2
41,1270,4
41,1282,4
41,1285,2
41,1307,5
41,1339,4
41,1353,1
41,1380,5
41,1393,4
41,1416,2
41,1457,3
41,1479,2
41,1487,3
41,1500,3
41,1569,3
41,1580,3
41,1593,3
41,1597,2
41,1639,3
41,1641,3
41,1680,3
41,1721,4
41,1735,2
41,1747,2
41,1772,4
41,1777,3
41,1784,3
41,1894,2
41,1895,3
41,1947,5
41,1968,4
41,2006,3
41,2020,5
41,2078,4
41,2081,4
41,2083,4
41,2087,4
41,2088,3
41,2100,4
41,2108,2
41,2125,3
41,2144,5
41,2145,5
41,2146,4
41,2174,3
41,2245,3
41,2248,5
41,2316,3
41,2369,4
41,2395,2
41,2396,4
41,2405,3
41,2406,4
41,2424,2
41,2468,2
41,2558,3
41,2572,3
41,2599,3
41,2633,3
41,2657,4
41,2706,4
41,2716,3
41,2746,3
41,2795,4
41,2797,4
41,2858,4
41,2889,3
41,2918,4
41,2942,3
41,2950,2
41,2997,3
41,3039,4
41,3072,4
41,3142,3
41,3174,3
41,3210,3
41,3255,4
41,3257,3
41,3259,1
41,3361,4
41,3363,3
41,3394,3
41,3396,5
41,3397,4
41,3421,5
41,3436,3
41,3526,4
41,3604,4
41,3608,3
41,3671,4
41,3705,3
41,3712,3
42,46,4
42,110,4
42,151,4
42,165,3
42,261,3
42,357,4
42,364,3
42,372,3
42,509,5
42,539,4
42,586,3
42,588,3
42,590,4
42,594,4
42,595,3
42,596,4
42,597,4
42,616,4
42,1022,4
42,1025,3
42,1028,3
42,1035,5
42,1036,3
42,1079,5
42,1080,5
42,1081,4
42,1086,4
42,1088,3
42,1097,3
42,1100,3
42,1101,3
42,1124,4
42,1125,4
42,1131,5
42,1132,5
42,1135,4
42,1136,4
43,1,4
43,3,5
43,4,1
43,5,5
43,7,5
43,11,5
43,17,5
43,34,3
43,39,5
43,104,5
43,107,5
43,141,4
43,205,4
43,216,5
43,236,5
43,267,5
43,289,5
43,317,5
43,339,5
43,348,1
43,356,3
43,367,5
43,378,4
43,440,5
43,500,5
43,539,5
43,543,3
43,552,5
43,587,5
43,588,4
43,597,5
43,671,4
43,673,3
43,688,3
43,708,5
43,765,5
43,830,5
43,852,4
43,1020,4
43,1021,5
43,1093,1
43,1265,4
43,1359,5
43,1377,5
43,1379,5
43,1390,5
43,1405,1
43,1409,4
43,1453,5
43,1474,4
43,1485,5
43,1517,2
43,1526,4
43,1566,4
43,1569,5
43,1580,5
43,1593,3
43,1604,5
43,1629,5
43,1646,1
43,1665,3
43,1672,5
43,1680,5
43,1701,1
43,1703,3
43,1704,5
43,1711,1
43,1713,4
43,1721,5
43,1746,2
43,1777,5
43,1784,5
43,1888,4
43,2002,3
43,2004,1
43,2012,4
43,2082,4
43,2124,5
43,2273,5
43,2302,5
43,2314,4
44,16,4
44,17,5
44,25,5
44,34,5
44,50,5
44,125,5
44,150,3
44,162,5
44,265,5
44,290,5
44,293,4
44,296,5
44,314,5
44,318,5
44,348,5
44,356,2
44,369,2
44,441,5
44,457,4
44,477,5
44,509,5
44,527,5
44,529,5
44,549,5
44,562,5
44,602,5
44,608,5
44,778,4
44,803,5
44,838,5
44,866,4
44,916,5
44,955,5
44,994,5
44,1034,5
44,1041,5
44,1060,4
44,1061,4
44,1079,5
44,1094,5
44,1095,5
44,1097,4
44,1120,4
44,1136,5
44,1147,5
44,1179,5
44,1183,5
44,1188,5
44,1230,5
44,1235,5
44,1244,5
44,1265,5
44,1276,4
44,1278,5
44,1285,5
44,1288,5
44,1307,5
44,1354,5
44,1358,5
44,1392,5
44,1393,4
44,1394,5
44,1466,5
44,1500,5
44,1594,5
44,1673,5
44,1682,5
44,1810,4
44,1834,5
44,1912,5
44,1966,5
44,2064,5
44,2111,5
44,2171,5
44,2289,5
44,2321,5
44,2324,4
44,2331,4
44,2355,3
44,2395,5
44,2396,5
44,2570,4
44,2599,5
44,2657,4
44,2677,4
44,2706,4
44,2710,3
44,2763,3
44,2858,5
44,3006,5
44,3039,5
44,3072,5
44,3082,2
44,3125,5
44,3160,4
44,3176,2
44,3246,5
44,3254,3
44,3259,2
45,50,5
45,70,2
45,110,5
45,235,3
45,260,3
45,266,4
45,293,3
45,356,5
45,457,4
45,524,4
45,589,5
45,593,4
45,608,5
45,661,1
45,695,5
45,858,5
45,866,5
45,891,3
45,902,3
45,908,3
45,1035,4
45,1036,4
45,1089,4
45,1196,3
45,1198,3
45,1200,5
45,1221,5
45,1233,5
45,1240,5
45,1259,4
45,1269,3
45,1304,5
45,1327,4
45,1358,3
45,1544,4
45,1580,4
45,1610,4
45,1617,4
45,1673,4
45,1682,3
45,1748,2
45,1965,4
45,1971,2
45,1973,3
45,1986,3
45,2028,5
45,2160,4
45,2291,2
45,2401,5
45,2530,3
45,2532,3
45,2533,3
45,2571,3
45,2657,4
45,2762,4
45,2791,4
45,2792,2
45,2858,4
45,3147,5
45,3173,4
45,3408,4
45,3450,3
45,3513,5
45,3871,2
45,3917,2
45,3918,2
45,3923,3
45,3926,3
45,3929,4
45,3932,5
45,3936,3
45,3959,3
45,3985,4
46,163,1
46,165,3.5
46,172,3
46,370,1
46,589,4
46,832,2.5
46,908,3
46,1073,4.5
46,1097,4
46,1196,5
46,1288,5
46,1358,1.5
46,1380,3.5
46,1485,3.5
46,1653,3.5
46,2011,3.5
46,2012,2.5
46,2406,3.5
46,2640,3.5
46,2683,5
46,2791,4
46,3261,3.5
46,3751,2.5
46,3897,5
46,4027,3.5
46,5956,4.5
46,7153,4.5
46,7361,4.5
46,8917,5
47,1,3
47,2,3.5
47,10,5
47,19,4
47,32,4.5
47,34,1.5
47,50,5
47,110,5
47,111,3
47,150,5
47,153,4.5
47,165,5
47,208,4
47,231,4
47,253,5
47,260,5
47,296,5
47,316,3.5
47,318,5
47,344,4
47,364,4.5
47,367,4
47,377,4
47,410,3.5
47,500,4
47,541,5
47,551,4
47,586,4
47,589,5
47,590,5
47,592,4
47,593,5
47,595,4.5
47,597,4.5
47,733,5
47,736,4
47,741,5
47,778,4
